#  Printing Reflectance, Absorptance by layers and Transmittance (input statement at line 58)
#  Simulation date:
#    Mon Jul 10 14:26:27 2023
# Reflectance, Absorptance by layers and Transmittance
# Wavelenght [m]	Reflectance, Absorptance for each layer, Transmittance [] 
#  lambda	Reflectance	Layer  0	Layer  1	Layer  2	Layer  3	Layer  4	Layer  5	Layer  6	Transmittance	Sum
3.000000e-007	2.228376e-001	0.000000e+000	6.165601e-001	2.500832e-002	1.355953e-001	1.695691e-009	3.957966e-010	4.263265e-009	2.283788e-014	1.000001e+000
3.050000e-007	2.055235e-001	0.000000e+000	6.152847e-001	3.146683e-002	1.477244e-001	4.795932e-010	1.115000e-010	1.314843e-009	7.033749e-014	9.999994e-001
3.100000e-007	1.835505e-001	0.000000e+000	6.156542e-001	3.879715e-002	1.619965e-001	1.459686e-010	3.336212e-011	4.355841e-010	2.132805e-013	9.999984e-001
3.150000e-007	1.568246e-001	0.000000e+000	6.167736e-001	4.903069e-002	1.773710e-001	5.450374e-011	1.112650e-011	1.499871e-010	3.522453e-013	9.999998e-001
3.200000e-007	1.274580e-001	0.000000e+000	6.164184e-001	6.056993e-002	1.955535e-001	2.417122e-011	4.282449e-012	5.900406e-011	6.243159e-013	9.999998e-001
3.250000e-007	9.782941e-002	0.000000e+000	6.140969e-001	7.169066e-002	2.163829e-001	1.458880e-011	1.936849e-012	2.147772e-011	4.192514e-014	9.999999e-001
3.300000e-007	6.927271e-002	0.000000e+000	6.066967e-001	8.385828e-002	2.401720e-001	1.077571e-011	1.029549e-012	6.839741e-012	4.898297e-015	9.999998e-001
3.350000e-007	4.347664e-002	0.000000e+000	5.953601e-001	9.638048e-002	2.647826e-001	8.389100e-012	5.546412e-013	3.701722e-012	9.020267e-016	9.999999e-001
3.400000e-007	2.311206e-002	0.000000e+000	5.758641e-001	1.093630e-001	2.916609e-001	9.238461e-012	3.959924e-013	2.641465e-012	2.373787e-016	1.000000e+000
3.450000e-007	1.015583e-002	0.000000e+000	5.489981e-001	1.250656e-001	3.157808e-001	1.360342e-011	4.105220e-013	3.371564e-012	1.173478e-016	1.000000e+000
3.500000e-007	4.801214e-003	0.000000e+000	5.153322e-001	1.408539e-001	3.390132e-001	2.022456e-011	3.738262e-013	4.295782e-012	5.953199e-017	1.000001e+000
3.550000e-007	7.346825e-003	0.000000e+000	4.753831e-001	1.584103e-001	3.588605e-001	3.812601e-011	4.833904e-013	7.769135e-012	5.497426e-017	1.000001e+000
3.600000e-007	1.579709e-002	0.000000e+000	4.311365e-001	1.755299e-001	3.775375e-001	9.302792e-011	5.629281e-013	1.813934e-011	6.772062e-017	1.000001e+000
3.650000e-007	2.770221e-002	0.000000e+000	3.866287e-001	1.926487e-001	3.930210e-001	2.346929e-010	9.246112e-013	4.627132e-011	1.055123e-016	1.000001e+000
3.700000e-007	4.151225e-002	0.000000e+000	3.420430e-001	2.094686e-001	4.069761e-001	6.327013e-010	7.762293e-013	1.267335e-010	1.820174e-016	9.999999e-001
3.750000e-007	5.354075e-002	0.000000e+000	3.009894e-001	2.243901e-001	4.210800e-001	1.785962e-009	2.498274e-012	3.528587e-010	3.423344e-016	1.000000e+000
3.800000e-007	6.434392e-002	0.000000e+000	2.619169e-001	2.396070e-001	4.341327e-001	4.795982e-009	7.717546e-012	9.302490e-010	6.261428e-016	1.000000e+000
3.850000e-007	6.959360e-002	0.000000e+000	2.282869e-001	2.489136e-001	4.532070e-001	1.252748e-008	2.247320e-011	2.574610e-009	1.190690e-015	1.000001e+000
3.900000e-007	7.243545e-002	0.000000e+000	1.967613e-001	2.584229e-001	4.723811e-001	2.953665e-008	5.927013e-011	6.462752e-009	2.073389e-015	1.000001e+000
3.950000e-007	6.839726e-002	0.000000e+000	1.704563e-001	2.538842e-001	5.072630e-001	6.677042e-008	1.446866e-010	1.529668e-008	3.416143e-015	1.000001e+000
4.000000e-007	6.217780e-002	0.000000e+000	1.454782e-001	2.474967e-001	5.448477e-001	1.347456e-007	3.152167e-010	3.237268e-008	5.074629e-015	1.000001e+000
4.050000e-007	5.215255e-002	0.000000e+000	1.257274e-001	2.134672e-001	6.086551e-001	2.597984e-007	6.390121e-010	6.382241e-008	7.094339e-015	1.000003e+000
4.100000e-007	4.191417e-002	0.000000e+000	1.063976e-001	1.709297e-001	6.807605e-001	4.526615e-007	1.169287e-009	1.137523e-007	9.036414e-015	1.000003e+000
4.150000e-007	4.231230e-002	0.000000e+000	9.086761e-002	1.080065e-001	7.588147e-001	7.337386e-007	1.957070e-009	1.778565e-007	1.126386e-014	1.000002e+000
4.200000e-007	4.811937e-002	0.000000e+000	7.519847e-002	3.567669e-002	8.410064e-001	1.093546e-006	3.007492e-009	2.553020e-007	1.298837e-014	1.000002e+000
4.250000e-007	5.999338e-002	0.000000e+000	6.181730e-002	2.953873e-002	8.486512e-001	1.408618e-006	3.956789e-009	3.068541e-007	1.329796e-014	1.000002e+000
4.300000e-007	7.236620e-002	0.000000e+000	4.869079e-002	2.367388e-002	8.552692e-001	1.730029e-006	4.957721e-009	3.501226e-007	1.304784e-014	1.000002e+000
4.350000e-007	7.825542e-002	0.000000e+000	3.837304e-002	2.173342e-002	8.616377e-001	2.066157e-006	6.061673e-009	4.158202e-007	1.319193e-014	1.000002e+000
4.400000e-007	8.376056e-002	0.000000e+000	2.827461e-002	1.984179e-002	8.681221e-001	2.443213e-006	7.329053e-009	4.890018e-007	1.325426e-014	1.000002e+000
4.450000e-007	8.692139e-002	0.000000e+000	2.122206e-002	1.844884e-002	8.734062e-001	2.880538e-006	8.925580e-009	5.818528e-007	1.350788e-014	1.000002e+000
4.500000e-007	8.959740e-002	0.000000e+000	1.428543e-002	1.708768e-002	8.790272e-001	3.479161e-006	1.112338e-008	7.092889e-007	1.415014e-014	1.000002e+000
4.550000e-007	9.064994e-002	0.000000e+000	1.003907e-002	1.629183e-002	8.830157e-001	4.311634e-006	1.436701e-008	9.442345e-007	1.496276e-014	1.000002e+000
4.600000e-007	9.123789e-002	0.000000e+000	5.840184e-003	1.551262e-002	8.874040e-001	5.588437e-006	1.939104e-008	1.311401e-006	1.661426e-014	1.000002e+000
4.650000e-007	9.056182e-002	0.000000e+000	4.214393e-003	1.526507e-002	8.899509e-001	7.397912e-006	2.745122e-008	1.911054e-006	1.934296e-014	1.000002e+000
4.700000e-007	8.958112e-002	0.000000e+000	2.602538e-003	1.501816e-002	8.927864e-001	1.022446e-005	4.059728e-008	2.904824e-006	2.363630e-014	1.000001e+000
4.750000e-007	8.784237e-002	0.000000e+000	2.646492e-003	1.510826e-002	8.943853e-001	1.437456e-005	6.230039e-008	4.391462e-006	3.133525e-014	1.000001e+000
4.800000e-007	8.604130e-002	0.000000e+000	2.690813e-003	1.518992e-002	8.960516e-001	2.066124e-005	9.803083e-008	6.813794e-006	4.274522e-014	1.000001e+000
4.850000e-007	8.402697e-002	0.000000e+000	2.773268e-003	1.529394e-002	8.978659e-001	3.018022e-005	1.565214e-007	1.064147e-005	5.961975e-014	1.000001e+000
4.900000e-007	8.213149e-002	0.000000e+000	2.854673e-003	1.539389e-002	8.995600e-001	4.395536e-005	2.499002e-007	1.663524e-005	8.342149e-014	1.000001e+000
4.950000e-007	8.018738e-002	0.000000e+000	2.934936e-003	1.520415e-002	9.015851e-001	6.309604e-005	3.955272e-007	2.575033e-005	1.156548e-013	1.000001e+000
5.000000e-007	7.833987e-002	0.000000e+000	3.013070e-003	1.502642e-002	9.034952e-001	8.843865e-005	6.137404e-007	3.911690e-005	1.576908e-013	1.000003e+000
5.050000e-007	7.642758e-002	0.000000e+000	3.096496e-003	1.442516e-002	9.058740e-001	1.202580e-004	9.280686e-007	5.795364e-005	2.096672e-013	1.000002e+000
5.100000e-007	7.444533e-002	0.000000e+000	3.175944e-003	1.386716e-002	9.082710e-001	1.578506e-004	1.362341e-006	8.342238e-005	2.714164e-013	1.000002e+000
5.150000e-007	7.243168e-002	0.000000e+000	3.250309e-003	1.296126e-002	9.110381e-001	2.019646e-004	1.941574e-006	1.164715e-004	3.414661e-013	1.000002e+000
5.200000e-007	7.063869e-002	0.000000e+000	3.320460e-003	1.211968e-002	9.135135e-001	2.488111e-004	2.680044e-006	1.576339e-004	4.172520e-013	1.000001e+000
5.250000e-007	6.958750e-002	0.000000e+000	3.388692e-003	1.109486e-002	9.154120e-001	3.012619e-004	3.587009e-006	2.134498e-004	4.909851e-013	1.000001e+000
5.300000e-007	6.981291e-002	0.000000e+000	3.458291e-003	1.009405e-002	9.159988e-001	3.522263e-004	4.656737e-006	2.803052e-004	5.619963e-013	1.000001e+000
5.350000e-007	7.181037e-002	0.000000e+000	3.544836e-003	9.046439e-003	9.148348e-001	4.002360e-004	5.880928e-006	3.585489e-004	6.260044e-013	1.000001e+000
5.400000e-007	7.554928e-002	0.000000e+000	3.639679e-003	7.968421e-003	9.119501e-001	4.401907e-004	7.227803e-006	4.462281e-004	6.804688e-013	1.000001e+000
5.450000e-007	8.058398e-002	0.000000e+000	3.741528e-003	6.963063e-003	9.076921e-001	4.741838e-004	8.668048e-006	5.374534e-004	7.284653e-013	1.000001e+000
5.500000e-007	8.590279e-002	0.000000e+000	3.848621e-003	5.942764e-003	9.031662e-001	4.967960e-004	1.017216e-005	6.335674e-004	7.649617e-013	1.000001e+000
5.550000e-007	9.037940e-002	0.000000e+000	3.966950e-003	5.101657e-003	8.993250e-001	5.172915e-004	1.175901e-005	7.008581e-004	8.241592e-013	1.000003e+000
5.600000e-007	9.296080e-002	0.000000e+000	4.077341e-003	4.296822e-003	8.973624e-001	5.276045e-004	1.338854e-005	7.636571e-004	8.759717e-013	1.000002e+000
5.650000e-007	9.298180e-002	0.000000e+000	4.171799e-003	3.705119e-003	8.977701e-001	5.355552e-004	1.507129e-005	8.215573e-004	9.207085e-013	1.000001e+000
5.700000e-007	9.023665e-002	0.000000e+000	4.247149e-003	3.170817e-003	9.009172e-001	5.354827e-004	1.679938e-005	8.751677e-004	9.597478e-013	9.999993e-001
5.750000e-007	8.501770e-002	0.000000e+000	4.313958e-003	2.816689e-003	9.063667e-001	5.406585e-004	1.857568e-005	9.246676e-004	9.938726e-013	9.999990e-001
5.800000e-007	7.804373e-002	0.000000e+000	4.360877e-003	2.506936e-003	9.135560e-001	5.401187e-004	2.039895e-005	9.700824e-004	1.023626e-012	9.999981e-001
5.850000e-007	7.030153e-002	0.000000e+000	4.387513e-003	2.320907e-003	9.213693e-001	5.379158e-004	2.229440e-005	1.058026e-003	1.038966e-012	9.999975e-001
5.900000e-007	6.290130e-002	0.000000e+000	4.404649e-003	2.155264e-003	9.288336e-001	5.304465e-004	2.422061e-005	1.147540e-003	1.049930e-012	9.999971e-001
5.950000e-007	5.690259e-002	0.000000e+000	4.422152e-003	2.061702e-003	9.348178e-001	5.149526e-004	2.615328e-005	1.251578e-003	1.053737e-012	9.999969e-001
6.000000e-007	5.322424e-002	0.000000e+000	4.445260e-003	1.968107e-003	9.384802e-001	4.939300e-004	2.808094e-005	1.357204e-003	1.053203e-012	9.999970e-001
6.050000e-007	5.247985e-002	0.000000e+000	4.493065e-003	1.909230e-003	9.391499e-001	4.718833e-004	3.001571e-005	1.463453e-003	1.048391e-012	9.999973e-001
6.100000e-007	5.499365e-002	0.000000e+000	4.559171e-003	1.838165e-003	9.365598e-001	4.451929e-004	3.192163e-005	1.569966e-003	1.039854e-012	9.999978e-001
6.150000e-007	6.073796e-002	0.000000e+000	4.643766e-003	1.779614e-003	9.307223e-001	4.265416e-004	3.385204e-005	1.654303e-003	1.036045e-012	9.999984e-001
6.200000e-007	6.942903e-002	0.000000e+000	4.753045e-003	1.705047e-003	9.219341e-001	4.047679e-004	3.575997e-005	1.737236e-003	1.029587e-012	9.999990e-001
6.250000e-007	8.054139e-002	0.000000e+000	4.895829e-003	1.633190e-003	9.107283e-001	3.947289e-004	3.772662e-005	1.767100e-003	1.037211e-012	9.999983e-001
6.300000e-007	9.347969e-002	0.000000e+000	5.062657e-003	1.547167e-003	8.976962e-001	3.830520e-004	3.970182e-005	1.793265e-003	1.043343e-012	1.000002e+000
6.350000e-007	1.075370e-001	0.000000e+000	5.251097e-003	1.460536e-003	8.835252e-001	3.703559e-004	4.169864e-005	1.816400e-003	1.048454e-012	1.000002e+000
6.400000e-007	1.219791e-001	0.000000e+000	5.457986e-003	1.364034e-003	8.689624e-001	3.564530e-004	4.373039e-005	1.837206e-003	1.053011e-012	1.000001e+000
6.450000e-007	1.360363e-001	0.000000e+000	5.688264e-003	1.267998e-003	8.547797e-001	3.267572e-004	4.588672e-005	1.856168e-003	1.057341e-012	1.000001e+000
6.500000e-007	1.489376e-001	0.000000e+000	5.927429e-003	1.167045e-003	8.417533e-001	2.951702e-004	4.807506e-005	1.872537e-003	1.061063e-012	1.000001e+000
6.550000e-007	1.598457e-001	0.000000e+000	6.173822e-003	1.069399e-003	8.307018e-001	2.746558e-004	5.030644e-005	1.885320e-003	1.063380e-012	1.000001e+000
6.600000e-007	1.679866e-001	0.000000e+000	6.413669e-003	9.721808e-004	8.224314e-001	2.524377e-004	5.247123e-005	1.892052e-003	1.063241e-012	1.000001e+000
6.650000e-007	1.726147e-001	0.000000e+000	6.642197e-003	8.823137e-004	8.176799e-001	2.371935e-004	5.444354e-005	1.890923e-003	1.054633e-012	1.000002e+000
6.700000e-007	1.731790e-001	0.000000e+000	6.842706e-003	7.991576e-004	8.170273e-001	2.199006e-004	5.606174e-005	1.875381e-003	1.039111e-012	9.999995e-001
6.750000e-007	1.696159e-001	0.000000e+000	7.000205e-003	7.288588e-004	8.205507e-001	2.057381e-004	5.717427e-005	1.839228e-003	1.013388e-012	9.999978e-001
6.800000e-007	1.627057e-001	0.000000e+000	7.116943e-003	6.710527e-004	8.274814e-001	1.889930e-004	5.745977e-005	1.777370e-003	9.748004e-013	9.999989e-001
6.850000e-007	1.544768e-001	0.000000e+000	7.220690e-003	6.284307e-004	8.357567e-001	1.676765e-004	5.687194e-005	1.691328e-003	9.242770e-013	9.999985e-001
6.900000e-007	1.482652e-001	0.000000e+000	7.324527e-003	5.956379e-004	8.420115e-001	1.466575e-004	5.593034e-005	1.598876e-003	8.715115e-013	9.999983e-001
6.950000e-007	1.479663e-001	0.000000e+000	7.481984e-003	5.676181e-004	8.422497e-001	1.292934e-004	5.638765e-005	1.547038e-003	8.419808e-013	9.999983e-001
7.000000e-007	1.574252e-001	0.000000e+000	7.749541e-003	5.333971e-004	8.324858e-001	1.217997e-004	6.157056e-005	1.620835e-003	8.817658e-013	9.999982e-001
7.050000e-007	1.809066e-001	0.000000e+000	8.204752e-003	4.842656e-004	8.082696e-001	1.276147e-004	7.623710e-005	1.928899e-003	1.048883e-012	9.999980e-001
7.100000e-007	1.676975e-001	0.000000e+000	8.291291e-003	4.452088e-004	8.214750e-001	1.081624e-004	7.822921e-005	1.901875e-003	1.034783e-012	9.999973e-001
7.150000e-007	1.522783e-001	0.000000e+000	8.334391e-003	4.145966e-004	8.369170e-001	9.298422e-005	8.047689e-005	1.881385e-003	1.024280e-012	9.999991e-001
7.200000e-007	1.856022e-001	0.000000e+000	9.016507e-003	3.352291e-004	8.023243e-001	1.044904e-004	1.114461e-004	2.504724e-003	1.365853e-012	9.999989e-001
7.250000e-007	2.300518e-001	0.000000e+000	9.846053e-003	2.374160e-004	7.561102e-001	1.216642e-004	1.608657e-004	3.470600e-003	1.897549e-012	9.999986e-001
7.300000e-007	2.792723e-001	0.000000e+000	1.052268e-002	1.589789e-004	7.049024e-001	1.344004e-004	2.307169e-004	4.776787e-003	2.621339e-012	9.999983e-001
7.350000e-007	3.338246e-001	0.000000e+000	1.066501e-002	1.652746e-004	6.484116e-001	1.550676e-004	3.248383e-004	6.451747e-003	3.557403e-012	9.999982e-001
7.400000e-007	4.067281e-001	0.000000e+000	9.927173e-003	3.265849e-004	5.739645e-001	1.668291e-004	4.432576e-004	8.441815e-003	4.682160e-012	9.999983e-001
7.450000e-007	5.145659e-001	0.000000e+000	8.271944e-003	6.790638e-004	4.653544e-001	1.771008e-004	5.693279e-004	1.038076e-002	5.798272e-012	9.999985e-001
7.500000e-007	6.556603e-001	0.000000e+000	6.273016e-003	1.148509e-003	3.245373e-001	1.644767e-004	6.621771e-004	1.155325e-002	6.506657e-012	9.999990e-001
7.550000e-007	7.967032e-001	0.000000e+000	4.953376e-003	1.555314e-003	1.842533e-001	1.403218e-004	6.857958e-004	1.170819e-002	6.531075e-012	9.999995e-001
7.600000e-007	9.008864e-001	0.000000e+000	4.871513e-003	1.761295e-003	8.093967e-002	1.049453e-004	6.457224e-004	1.079023e-002	5.963515e-012	9.999998e-001
7.650000e-007	9.580700e-001	0.000000e+000	5.798943e-003	1.777086e-003	2.395594e-002	7.017702e-005	5.768406e-004	9.750997e-003	5.193345e-012	1.000000e+000
7.700000e-007	9.797117e-001	0.000000e+000	7.225777e-003	1.677701e-003	2.177639e-003	4.173491e-005	5.064843e-004	8.659025e-003	4.447557e-012	1.000000e+000
7.750000e-007	9.814732e-001	0.000000e+000	8.787571e-003	1.535349e-003	0.000000e+000	1.905641e-005	4.477787e-004	7.737028e-003	3.835265e-012	1.000000e+000
7.800000e-007	9.808014e-001	0.000000e+000	1.035730e-002	1.388800e-003	0.000000e+000	1.724962e-006	4.036214e-004	7.047132e-003	3.373681e-012	1.000000e+000
7.850000e-007	9.799454e-001	0.000000e+000	1.188850e-002	1.251647e-003	0.000000e+000	1.027704e-006	3.710626e-004	6.542366e-003	3.026820e-012	1.000000e+000
7.900000e-007	9.789704e-001	0.000000e+000	1.337373e-002	1.124209e-003	0.000000e+000	4.594678e-007	3.473613e-004	6.183776e-003	2.766587e-012	1.000000e+000
7.950000e-007	9.778664e-001	0.000000e+000	1.485009e-002	1.008761e-003	0.000000e+000	2.146831e-007	3.308608e-004	5.943589e-003	2.573038e-012	1.000000e+000
8.000000e-007	9.766858e-001	0.000000e+000	1.629149e-002	9.027029e-004	0.000000e+000	0.000000e+000	3.199920e-004	5.799923e-003	2.430999e-012	1.000000e+000
8.050000e-007	9.754474e-001	0.000000e+000	1.769337e-002	8.066771e-004	0.000000e+000	0.000000e+000	3.140867e-004	5.738416e-003	2.330069e-012	1.000000e+000
8.100000e-007	9.741520e-001	0.000000e+000	1.906831e-002	7.178575e-004	0.000000e+000	0.000000e+000	3.122270e-004	5.749619e-003	2.262925e-012	1.000000e+000
8.150000e-007	9.727991e-001	0.000000e+000	2.042326e-002	6.364053e-004	0.000000e+000	0.000000e+000	3.139776e-004	5.827201e-003	2.224219e-012	1.000000e+000
8.200000e-007	9.714005e-001	0.000000e+000	2.175195e-002	5.602880e-004	0.000000e+000	0.000000e+000	3.190905e-004	5.968110e-003	2.210369e-012	1.000000e+000
8.250000e-007	9.700381e-001	0.000000e+000	2.308421e-002	4.894637e-004	0.000000e+000	0.000000e+000	3.274049e-004	6.060859e-003	2.180849e-012	1.000000e+000
8.300000e-007	9.686513e-001	0.000000e+000	2.437641e-002	4.227438e-004	0.000000e+000	0.000000e+000	3.388632e-004	6.210652e-003	2.171862e-012	1.000000e+000
8.350000e-007	9.672842e-001	0.000000e+000	2.560009e-002	3.603764e-004	0.000000e+000	0.000000e+000	3.535457e-004	6.401747e-003	2.176657e-012	9.999999e-001
8.400000e-007	9.659373e-001	0.000000e+000	2.674426e-002	3.015883e-004	0.000000e+000	0.000000e+000	3.713620e-004	6.645464e-003	2.197642e-012	9.999999e-001
8.450000e-007	9.646055e-001	0.000000e+000	2.781501e-002	2.468889e-004	0.000000e+000	0.000000e+000	3.924562e-004	6.940097e-003	2.232947e-012	9.999999e-001
8.500000e-007	9.633676e-001	0.000000e+000	2.873713e-002	1.960183e-004	0.000000e+000	0.000000e+000	4.166116e-004	7.282536e-003	2.280423e-012	9.999999e-001
8.550000e-007	9.622685e-001	0.000000e+000	2.946983e-002	1.496757e-004	0.000000e+000	0.000000e+000	4.438022e-004	7.668104e-003	2.337637e-012	9.999999e-001
8.600000e-007	9.613791e-001	0.000000e+000	2.994887e-002	1.084090e-004	0.000000e+000	0.000000e+000	4.735601e-004	8.089971e-003	2.401740e-012	9.999999e-001
8.650000e-007	9.607642e-001	0.000000e+000	3.011846e-002	7.334688e-005	0.000000e+000	0.000000e+000	5.057017e-004	8.538203e-003	2.469263e-012	1.000000e+000
8.700000e-007	9.605084e-001	0.000000e+000	2.990996e-002	4.542379e-005	0.000000e+000	0.000000e+000	5.390229e-004	8.997182e-003	2.535470e-012	1.000000e+000
8.750000e-007	9.606503e-001	0.000000e+000	2.930477e-002	2.588616e-005	0.000000e+000	0.000000e+000	5.724870e-004	9.446507e-003	2.594786e-012	9.999999e-001
8.800000e-007	9.612917e-001	0.000000e+000	2.822548e-002	1.577036e-005	0.000000e+000	0.000000e+000	6.044480e-004	9.862649e-003	2.641358e-012	1.000000e+000
8.850000e-007	9.624761e-001	0.000000e+000	2.665507e-002	1.584464e-005	0.000000e+000	0.000000e+000	6.334165e-004	1.021960e-002	2.669280e-012	1.000000e+000
8.900000e-007	9.641851e-001	0.000000e+000	2.463988e-002	2.626999e-005	0.000000e+000	0.000000e+000	6.574450e-004	1.049138e-002	2.673253e-012	1.000000e+000
8.950000e-007	9.663218e-001	0.000000e+000	2.229128e-002	4.645349e-005	0.000000e+000	0.000000e+000	6.758479e-004	1.066471e-002	2.690770e-012	1.000000e+000
9.000000e-007	9.688302e-001	0.000000e+000	1.968958e-002	7.503884e-005	0.000000e+000	0.000000e+000	6.867344e-004	1.071851e-002	2.678112e-012	1.000000e+000
9.050000e-007	9.711942e-001	0.000000e+000	1.736378e-002	1.040971e-004	0.000000e+000	0.000000e+000	6.897415e-004	1.064818e-002	2.644217e-012	1.000000e+000
9.100000e-007	9.736438e-001	0.000000e+000	1.504290e-002	1.360530e-004	0.000000e+000	0.000000e+000	6.868305e-004	1.049050e-002	2.589251e-012	1.000000e+000
9.150000e-007	9.760519e-001	0.000000e+000	1.284664e-002	1.694366e-004	0.000000e+000	0.000000e+000	6.785504e-004	1.025351e-002	2.515562e-012	1.000000e+000
9.200000e-007	9.783580e-001	0.000000e+000	1.081940e-002	2.027082e-004	0.000000e+000	0.000000e+000	6.656759e-004	9.954232e-003	2.427629e-012	1.000000e+000
9.250000e-007	9.804889e-001	0.000000e+000	9.016462e-003	2.349190e-004	0.000000e+000	0.000000e+000	6.496273e-004	9.610134e-003	2.329932e-012	1.000000e+000
9.300000e-007	9.823826e-001	0.000000e+000	7.486619e-003	2.649020e-004	0.000000e+000	0.000000e+000	6.308753e-004	9.235056e-003	2.225971e-012	1.000000e+000
9.350000e-007	9.840010e-001	0.000000e+000	6.253598e-003	2.923797e-004	0.000000e+000	0.000000e+000	6.104659e-004	8.842609e-003	2.119107e-012	1.000000e+000
9.400000e-007	9.853322e-001	0.000000e+000	5.315382e-003	3.166941e-004	0.000000e+000	0.000000e+000	5.891586e-004	8.446578e-003	2.012667e-012	1.000000e+000
9.450000e-007	9.863710e-001	0.000000e+000	4.666369e-003	3.379103e-004	0.000000e+000	0.000000e+000	5.679445e-004	8.056833e-003	1.908973e-012	1.000000e+000
9.500000e-007	9.871303e-001	0.000000e+000	4.286070e-003	3.558788e-004	0.000000e+000	0.000000e+000	5.470526e-004	7.680758e-003	1.809709e-012	1.000000e+000
9.550000e-007	9.876218e-001	0.000000e+000	4.156518e-003	3.709553e-004	0.000000e+000	0.000000e+000	5.270398e-004	7.323683e-003	1.716045e-012	1.000000e+000
9.600000e-007	9.878685e-001	0.000000e+000	4.251237e-003	3.831938e-004	0.000000e+000	0.000000e+000	5.080588e-004	6.988985e-003	1.628665e-012	1.000000e+000
9.650000e-007	9.878930e-001	0.000000e+000	4.544892e-003	3.933221e-004	0.000000e+000	0.000000e+000	4.904168e-004	6.678423e-003	1.547870e-012	1.000000e+000
9.700000e-007	9.877149e-001	0.000000e+000	5.017523e-003	4.011582e-004	0.000000e+000	0.000000e+000	4.740735e-004	6.392371e-003	1.473632e-012	1.000000e+000
9.750000e-007	9.873485e-001	0.000000e+000	5.653803e-003	4.072521e-004	0.000000e+000	0.000000e+000	4.593301e-004	6.131164e-003	1.405917e-012	1.000000e+000
9.800000e-007	9.868160e-001	0.000000e+000	6.432563e-003	4.115901e-004	0.000000e+000	0.000000e+000	4.459476e-004	5.893899e-003	1.344412e-012	1.000000e+000
9.850000e-007	9.861304e-001	0.000000e+000	7.343238e-003	4.147181e-004	0.000000e+000	0.000000e+000	4.338840e-004	5.677753e-003	1.282987e-012	1.000000e+000
9.900000e-007	9.853076e-001	0.000000e+000	8.369294e-003	4.165189e-004	0.000000e+000	0.000000e+000	4.231296e-004	5.483479e-003	1.227605e-012	1.000000e+000
9.950000e-007	9.843497e-001	0.000000e+000	9.509725e-003	4.175485e-004	0.000000e+000	0.000000e+000	4.137837e-004	5.309210e-003	1.174475e-012	1.000000e+000
1.000000e-006	9.832744e-001	0.000000e+000	1.074811e-002	4.175913e-004	0.000000e+000	0.000000e+000	4.056448e-004	5.154323e-003	1.126804e-012	1.000000e+000
1.005000e-006	9.819126e-001	0.000000e+000	1.227146e-002	4.180822e-004	0.000000e+000	0.000000e+000	3.973909e-004	5.000507e-003	1.080449e-012	1.000000e+000
1.010000e-006	9.804244e-001	0.000000e+000	1.390049e-002	4.175057e-004	0.000000e+000	0.000000e+000	3.904969e-004	4.867168e-003	1.039512e-012	1.000000e+000
1.015000e-006	9.788234e-001	0.000000e+000	1.562234e-002	4.164871e-004	0.000000e+000	0.000000e+000	3.850427e-004	4.752708e-003	1.003475e-012	1.000000e+000
1.020000e-006	9.771141e-001	0.000000e+000	1.743459e-002	4.146487e-004	0.000000e+000	0.000000e+000	3.808053e-004	4.655867e-003	9.719111e-013	1.000000e+000
1.025000e-006	9.752951e-001	0.000000e+000	1.933943e-002	4.123317e-004	0.000000e+000	0.000000e+000	3.778614e-004	4.575214e-003	9.443774e-013	1.000000e+000
1.030000e-006	9.733785e-001	0.000000e+000	2.132632e-002	4.093521e-004	0.000000e+000	0.000000e+000	3.760154e-004	4.509798e-003	9.205478e-013	1.000000e+000
1.035000e-006	9.713686e-001	0.000000e+000	2.339176e-002	4.058354e-004	0.000000e+000	0.000000e+000	3.752815e-004	4.458473e-003	9.000711e-013	1.000000e+000
1.040000e-006	9.692703e-001	0.000000e+000	2.553192e-002	4.017493e-004	0.000000e+000	0.000000e+000	3.755550e-004	4.420466e-003	8.826850e-013	1.000000e+000
1.045000e-006	9.670532e-001	0.000000e+000	2.777635e-002	3.975174e-004	0.000000e+000	0.000000e+000	3.770175e-004	4.395862e-003	8.683080e-013	1.000000e+000
1.050000e-006	9.647520e-001	0.000000e+000	3.009279e-002	3.927612e-004	0.000000e+000	0.000000e+000	3.794163e-004	4.383025e-003	8.565249e-013	1.000000e+000
1.055000e-006	9.624221e-001	0.000000e+000	3.242576e-002	3.878075e-004	0.000000e+000	0.000000e+000	3.828098e-004	4.381498e-003	8.471664e-013	9.999999e-001
1.060000e-006	9.600193e-001	0.000000e+000	3.482135e-002	3.823827e-004	0.000000e+000	0.000000e+000	3.870286e-004	4.389839e-003	8.398813e-013	9.999999e-001
1.065000e-006	9.575365e-001	0.000000e+000	3.728732e-002	3.766635e-004	0.000000e+000	0.000000e+000	3.921711e-004	4.407328e-003	8.344693e-013	9.999999e-001
1.070000e-006	9.549928e-001	0.000000e+000	3.980504e-002	3.704513e-004	0.000000e+000	0.000000e+000	3.980850e-004	4.433570e-003	8.307994e-013	9.999999e-001
1.075000e-006	9.524106e-001	0.000000e+000	4.235264e-002	3.638287e-004	0.000000e+000	0.000000e+000	4.048733e-004	4.467937e-003	8.287023e-013	9.999999e-001
1.080000e-006	9.497881e-001	0.000000e+000	4.493282e-002	3.566760e-004	0.000000e+000	0.000000e+000	4.123734e-004	4.509947e-003	8.280426e-013	9.999999e-001
1.085000e-006	9.470657e-001	0.000000e+000	4.755135e-002	3.492562e-004	0.000000e+000	0.000000e+000	4.205656e-004	4.613081e-003	8.274123e-013	9.999999e-001
1.090000e-006	9.443274e-001	0.000000e+000	5.017794e-002	3.412553e-004	0.000000e+000	0.000000e+000	4.293876e-004	4.723920e-003	8.279218e-013	9.999999e-001
1.095000e-006	9.413516e-001	0.000000e+000	5.286367e-002	3.326663e-004	0.000000e+000	0.000000e+000	4.388493e-004	5.013122e-003	8.257484e-013	9.999999e-001
1.100000e-006	9.383895e-001	0.000000e+000	5.552469e-002	3.234405e-004	0.000000e+000	0.000000e+000	4.488146e-004	5.313466e-003	8.243889e-013	9.999999e-001
1.105000e-006	9.354957e-001	0.000000e+000	5.810794e-002	3.140275e-004	0.000000e+000	0.000000e+000	4.592197e-004	5.622967e-003	8.234152e-013	9.999999e-001
1.110000e-006	9.326602e-001	0.000000e+000	6.062363e-002	3.039735e-004	0.000000e+000	0.000000e+000	4.699440e-004	5.942194e-003	8.228403e-013	9.999999e-001
1.115000e-006	9.299097e-001	0.000000e+000	6.304587e-002	2.932712e-004	0.000000e+000	0.000000e+000	4.809554e-004	6.270113e-003	8.224611e-013	9.999999e-001
1.120000e-006	9.272749e-001	0.000000e+000	6.534544e-002	2.819292e-004	0.000000e+000	0.000000e+000	4.920792e-004	6.605513e-003	8.220915e-013	9.999999e-001
1.125000e-006	9.247709e-001	0.000000e+000	6.750879e-002	2.702096e-004	0.000000e+000	0.000000e+000	5.034062e-004	6.946606e-003	8.215133e-013	9.999999e-001
1.130000e-006	9.224484e-001	0.000000e+000	6.948751e-002	2.578757e-004	0.000000e+000	0.000000e+000	5.145897e-004	7.291531e-003	8.205421e-013	9.999999e-001
1.135000e-006	9.202398e-001	0.000000e+000	7.135150e-002	2.449748e-004	0.000000e+000	0.000000e+000	5.255681e-004	7.638088e-003	8.189934e-013	9.999999e-001
1.140000e-006	9.182865e-001	0.000000e+000	7.296279e-002	2.315427e-004	0.000000e+000	0.000000e+000	5.360718e-004	7.983010e-003	8.166100e-013	9.999999e-001
1.145000e-006	9.167040e-001	0.000000e+000	7.420856e-002	2.178709e-004	0.000000e+000	0.000000e+000	5.460968e-004	8.323375e-003	8.132177e-013	9.999999e-001
1.150000e-006	9.154394e-001	0.000000e+000	7.514497e-002	2.038206e-004	0.000000e+000	0.000000e+000	5.553574e-004	8.656380e-003	8.086892e-013	9.999999e-001
1.155000e-006	9.144180e-001	0.000000e+000	7.585251e-002	1.897163e-004	0.000000e+000	0.000000e+000	5.636070e-004	8.976079e-003	8.026429e-013	9.999999e-001
1.160000e-006	9.137614e-001	0.000000e+000	7.621082e-002	1.754493e-004	0.000000e+000	0.000000e+000	5.707762e-004	9.281470e-003	7.951908e-013	9.999999e-001
1.165000e-006	9.134666e-001	0.000000e+000	7.622581e-002	1.611785e-004	0.000000e+000	0.000000e+000	5.769671e-004	9.569363e-003	7.862545e-013	9.999999e-001
1.170000e-006	9.135643e-001	0.000000e+000	7.586988e-002	1.469902e-004	0.000000e+000	0.000000e+000	5.818466e-004	9.836874e-003	7.757990e-013	9.999999e-001
1.175000e-006	9.140702e-001	0.000000e+000	7.512906e-002	1.331210e-004	0.000000e+000	0.000000e+000	5.854391e-004	1.008191e-002	7.638616e-013	9.999998e-001
1.180000e-006	9.149645e-001	0.000000e+000	7.402634e-002	1.195746e-004	0.000000e+000	0.000000e+000	5.875868e-004	1.030180e-002	7.504392e-013	9.999998e-001
1.185000e-006	9.162017e-001	0.000000e+000	7.260844e-002	1.064746e-004	0.000000e+000	0.000000e+000	5.884848e-004	1.049478e-002	7.355991e-013	9.999998e-001
1.190000e-006	9.177946e-001	0.000000e+000	7.086361e-002	9.393463e-005	0.000000e+000	0.000000e+000	5.879184e-004	1.065982e-002	7.194541e-013	9.999999e-001
1.195000e-006	9.197132e-001	0.000000e+000	6.882202e-002	8.215629e-005	0.000000e+000	0.000000e+000	5.860030e-004	1.079651e-002	7.021473e-013	9.999999e-001
1.200000e-006	9.219272e-001	0.000000e+000	6.651421e-002	7.109728e-005	0.000000e+000	0.000000e+000	5.827220e-004	1.090475e-002	6.838269e-013	1.000000e+000
1.205000e-006	9.249571e-001	0.000000e+000	6.353429e-002	6.201733e-005	0.000000e+000	0.000000e+000	5.778787e-004	1.086862e-002	7.634400e-013	9.999999e-001
1.210000e-006	9.281068e-001	0.000000e+000	6.045309e-002	5.351077e-005	0.000000e+000	0.000000e+000	5.721370e-004	1.081461e-002	8.501079e-013	1.000000e+000
1.215000e-006	9.313452e-001	0.000000e+000	5.730014e-002	4.562081e-005	0.000000e+000	0.000000e+000	5.655604e-004	1.074366e-002	9.442266e-013	1.000000e+000
1.220000e-006	9.346414e-001	0.000000e+000	5.410518e-002	3.838031e-005	0.000000e+000	0.000000e+000	5.582223e-004	1.065695e-002	1.046213e-012	1.000000e+000
1.225000e-006	9.379655e-001	0.000000e+000	5.089683e-002	3.181148e-005	0.000000e+000	0.000000e+000	5.502040e-004	1.055581e-002	1.156512e-012	1.000000e+000
1.230000e-006	9.412893e-001	0.000000e+000	4.770162e-002	2.592620e-005	0.000000e+000	0.000000e+000	5.415917e-004	1.044171e-002	1.275598e-012	1.000000e+000
1.235000e-006	9.445867e-001	0.000000e+000	4.454395e-002	2.072664e-005	0.000000e+000	0.000000e+000	5.324743e-004	1.031621e-002	1.403987e-012	1.000000e+000
1.240000e-006	9.478340e-001	0.000000e+000	4.144601e-002	1.620606e-005	0.000000e+000	0.000000e+000	5.229411e-004	1.018091e-002	1.542240e-012	1.000000e+000
1.245000e-006	9.510102e-001	0.000000e+000	3.842703e-002	1.235010e-005	0.000000e+000	0.000000e+000	5.130800e-004	1.003740e-002	1.690967e-012	1.000000e+000
1.250000e-006	9.540972e-001	0.000000e+000	3.550348e-002	9.137609e-006	0.000000e+000	0.000000e+000	5.029754e-004	9.887248e-003	1.850841e-012	1.000000e+000
1.255000e-006	9.570449e-001	0.000000e+000	3.272213e-002	6.573656e-006	0.000000e+000	0.000000e+000	4.927923e-004	9.733647e-003	2.022945e-012	1.000000e+000
1.260000e-006	9.598781e-001	0.000000e+000	3.005847e-002	4.580752e-006	0.000000e+000	0.000000e+000	4.825226e-004	9.576410e-003	2.207829e-012	1.000000e+000
1.265000e-006	9.625873e-001	0.000000e+000	2.752057e-002	3.126071e-006	0.000000e+000	0.000000e+000	4.722323e-004	9.416829e-003	2.406388e-012	1.000000e+000
1.270000e-006	9.651656e-001	0.000000e+000	2.511424e-002	2.174903e-006	0.000000e+000	0.000000e+000	4.619809e-004	9.256113e-003	2.619599e-012	1.000000e+000
1.275000e-006	9.676081e-001	0.000000e+000	2.284325e-002	1.691472e-006	0.000000e+000	0.000000e+000	4.518212e-004	9.095288e-003	2.848532e-012	1.000000e+000
1.280000e-006	9.699118e-001	0.000000e+000	2.070947e-002	1.639742e-006	0.000000e+000	0.000000e+000	4.417993e-004	8.935336e-003	3.094356e-012	1.000000e+000
1.285000e-006	9.720756e-001	0.000000e+000	1.871337e-002	1.984046e-006	0.000000e+000	0.000000e+000	4.319548e-004	8.777100e-003	3.358346e-012	1.000000e+000
1.290000e-006	9.740998e-001	0.000000e+000	1.685389e-002	2.689598e-006	0.000000e+000	0.000000e+000	4.223212e-004	8.621313e-003	3.641892e-012	1.000000e+000
1.295000e-006	9.759859e-001	0.000000e+000	1.512893e-002	3.722913e-006	0.000000e+000	0.000000e+000	4.129263e-004	8.468606e-003	3.946507e-012	1.000000e+000
1.300000e-006	9.777362e-001	0.000000e+000	1.353546e-002	5.052072e-006	0.000000e+000	0.000000e+000	4.037926e-004	8.319507e-003	4.273836e-012	1.000000e+000
1.305000e-006	9.793382e-001	0.000000e+000	1.208446e-002	6.625199e-006	0.000000e+000	0.000000e+000	3.949997e-004	8.175741e-003	4.626391e-012	1.000000e+000
1.310000e-006	9.808142e-001	0.000000e+000	1.075458e-002	8.429768e-006	0.000000e+000	0.000000e+000	3.864957e-004	8.036321e-003	5.005494e-012	1.000000e+000
1.315000e-006	9.821686e-001	0.000000e+000	9.541216e-003	1.044039e-005	0.000000e+000	0.000000e+000	3.782898e-004	7.901526e-003	5.413250e-012	1.000000e+000
1.320000e-006	9.834060e-001	0.000000e+000	8.439486e-003	1.263366e-005	0.000000e+000	0.000000e+000	3.703885e-004	7.771573e-003	5.851945e-012	1.000000e+000
1.325000e-006	9.845313e-001	0.000000e+000	7.444362e-003	1.498806e-005	0.000000e+000	0.000000e+000	3.627952e-004	7.646620e-003	6.324049e-012	1.000000e+000
1.330000e-006	9.855495e-001	0.000000e+000	6.550747e-003	1.748402e-005	0.000000e+000	0.000000e+000	3.555111e-004	7.526780e-003	6.832240e-012	1.000000e+000
1.335000e-006	9.864657e-001	0.000000e+000	5.753550e-003	2.010380e-005	0.000000e+000	0.000000e+000	3.485355e-004	7.412124e-003	7.379414e-012	1.000000e+000
1.340000e-006	9.872849e-001	0.000000e+000	5.047728e-003	2.283134e-005	0.000000e+000	0.000000e+000	3.418657e-004	7.302686e-003	7.968704e-012	1.000000e+000
1.345000e-006	9.880120e-001	0.000000e+000	4.428390e-003	2.565222e-005	0.000000e+000	0.000000e+000	3.354981e-004	7.198472e-003	8.603499e-012	1.000000e+000
1.350000e-006	9.886518e-001	0.000000e+000	3.890750e-003	2.855355e-005	0.000000e+000	0.000000e+000	3.294278e-004	7.099460e-003	9.287464e-012	1.000000e+000
1.355000e-006	9.892045e-001	0.000000e+000	3.434022e-003	3.148918e-005	0.000000e+000	0.000000e+000	3.236825e-004	7.006340e-003	1.002560e-011	1.000000e+000
1.360000e-006	9.896804e-001	0.000000e+000	3.048696e-003	3.448148e-005	0.000000e+000	0.000000e+000	3.182191e-004	6.918261e-003	1.082124e-011	1.000000e+000
1.365000e-006	9.900837e-001	0.000000e+000	2.730651e-003	3.752176e-005	0.000000e+000	0.000000e+000	3.130306e-004	6.835154e-003	1.167902e-011	1.000000e+000
1.370000e-006	9.904184e-001	0.000000e+000	2.475977e-003	4.060232e-005	0.000000e+000	0.000000e+000	3.081099e-004	6.756940e-003	1.260392e-011	1.000000e+000
1.375000e-006	9.906884e-001	0.000000e+000	2.280974e-003	4.371640e-005	0.000000e+000	0.000000e+000	3.034496e-004	6.683532e-003	1.360136e-011	1.000000e+000
1.380000e-006	9.908971e-001	0.000000e+000	2.142156e-003	4.685812e-005	0.000000e+000	0.000000e+000	2.990422e-004	6.614839e-003	1.467716e-011	1.000000e+000
1.385000e-006	9.910481e-001	0.000000e+000	2.056245e-003	5.002235e-005	0.000000e+000	0.000000e+000	2.948803e-004	6.550764e-003	1.583763e-011	1.000000e+000
1.390000e-006	9.911445e-001	0.000000e+000	2.020170e-003	5.320470e-005	0.000000e+000	0.000000e+000	2.909562e-004	6.491212e-003	1.708957e-011	1.000000e+000
1.395000e-006	9.911892e-001	0.000000e+000	2.031056e-003	5.640138e-005	0.000000e+000	0.000000e+000	2.872627e-004	6.436083e-003	1.844034e-011	1.000000e+000
1.400000e-006	9.911851e-001	0.000000e+000	2.086222e-003	5.960918e-005	0.000000e+000	0.000000e+000	2.837925e-004	6.385282e-003	1.989788e-011	1.000000e+000
1.405000e-006	9.911357e-001	0.000000e+000	2.181944e-003	6.279175e-005	0.000000e+000	0.000000e+000	2.805539e-004	6.339057e-003	2.147195e-011	1.000000e+000
1.410000e-006	9.910431e-001	0.000000e+000	2.316447e-003	6.597967e-005	0.000000e+000	0.000000e+000	2.775226e-004	6.296924e-003	2.317065e-011	1.000000e+000
1.415000e-006	9.909098e-001	0.000000e+000	2.487613e-003	6.917133e-005	0.000000e+000	0.000000e+000	2.746920e-004	6.258794e-003	2.500398e-011	1.000000e+000
1.420000e-006	9.907375e-001	0.000000e+000	2.693481e-003	7.236528e-005	0.000000e+000	0.000000e+000	2.720559e-004	6.224578e-003	2.698273e-011	1.000000e+000
1.425000e-006	9.905284e-001	0.000000e+000	2.932236e-003	7.556039e-005	0.000000e+000	0.000000e+000	2.696082e-004	6.194194e-003	2.911852e-011	1.000000e+000
1.430000e-006	9.902842e-001	0.000000e+000	3.202201e-003	7.875579e-005	0.000000e+000	0.000000e+000	2.673432e-004	6.167564e-003	3.142393e-011	1.000000e+000
1.435000e-006	9.900064e-001	0.000000e+000	3.501833e-003	8.195085e-005	0.000000e+000	0.000000e+000	2.652554e-004	6.144610e-003	3.391250e-011	1.000000e+000
1.440000e-006	9.896966e-001	0.000000e+000	3.829691e-003	8.514513e-005	0.000000e+000	0.000000e+000	2.633396e-004	6.125262e-003	3.659888e-011	1.000000e+000
1.445000e-006	9.893562e-001	0.000000e+000	4.184469e-003	8.833838e-005	0.000000e+000	0.000000e+000	2.615907e-004	6.109453e-003	3.949885e-011	1.000000e+000
1.450000e-006	9.889864e-001	0.000000e+000	4.564959e-003	9.153074e-005	0.000000e+000	0.000000e+000	2.600041e-004	6.097119e-003	4.262945e-011	1.000000e+000
1.455000e-006	9.885918e-001	0.000000e+000	4.966649e-003	9.469181e-005	0.000000e+000	0.000000e+000	2.585800e-004	6.088315e-003	4.600990e-011	1.000000e+000
1.460000e-006	9.881705e-001	0.000000e+000	5.391533e-003	9.785171e-005	0.000000e+000	0.000000e+000	2.573082e-004	6.082841e-003	4.965906e-011	1.000000e+000
1.465000e-006	9.877235e-001	0.000000e+000	5.838698e-003	1.010107e-004	0.000000e+000	0.000000e+000	2.561846e-004	6.080648e-003	5.359828e-011	1.000000e+000
1.470000e-006	9.872516e-001	0.000000e+000	6.307309e-003	1.041691e-004	0.000000e+000	0.000000e+000	2.552057e-004	6.081691e-003	5.785057e-011	1.000000e+000
1.475000e-006	9.867558e-001	0.000000e+000	6.796604e-003	1.073276e-004	0.000000e+000	0.000000e+000	2.543679e-004	6.085927e-003	6.244076e-011	1.000000e+000
1.480000e-006	9.862367e-001	0.000000e+000	7.305890e-003	1.104861e-004	0.000000e+000	0.000000e+000	2.536681e-004	6.093321e-003	6.739559e-011	1.000000e+000
1.485000e-006	9.856949e-001	0.000000e+000	7.834555e-003	1.136453e-004	0.000000e+000	0.000000e+000	2.531032e-004	6.103837e-003	7.274392e-011	1.000000e+000
1.490000e-006	9.851311e-001	0.000000e+000	8.381987e-003	1.168062e-004	0.000000e+000	0.000000e+000	2.526703e-004	6.117447e-003	7.851681e-011	1.000000e+000
1.495000e-006	9.845459e-001	0.000000e+000	8.947687e-003	1.199688e-004	0.000000e+000	0.000000e+000	2.523669e-004	6.134123e-003	8.474777e-011	1.000000e+000
1.500000e-006	9.839397e-001	0.000000e+000	9.531184e-003	1.231342e-004	0.000000e+000	0.000000e+000	2.521905e-004	6.153843e-003	9.147287e-011	1.000000e+000

