# AM1.5 spectrum 350-1200 nm
# wl[m] Flux [ph/s/m2] 
3e-07 7.7e+15
3.05e-07 2.026e+17
3.1e-07 3.975e+17
3.15e-07 1.02625e+18
3.2e-07 1.655e+18
3.25e-07 2.785e+18
3.3e-07 3.915e+18
3.35e-07 4.105e+18
3.4e-07 4.295e+18
3.45e-07 4.4725e+18
3.5e-07 4.65e+18
3.55e-07 5.025e+18
3.6e-07 5.4e+18
3.65e-07 6.225e+18
3.7e-07 7.05e+18
3.75e-07 6.875e+18
3.8e-07 6.7e+18
3.85e-07 7.25e+18
3.9e-07 7.8e+18
3.95e-07 9.5e+18
4e-07 1.12e+19
4.05e-07 1.1e+19
4.1e-07 1.08e+19
4.15e-07 1.1325e+19
4.2e-07 1.185e+19
4.25e-07 1.065e+19
4.3e-07 9.45e+18
4.35e-07 1.22e+19
4.4e-07 1.495e+19
4.45e-07 1.63e+19
4.5e-07 1.765e+19
4.55e-07 1.7675e+19
4.6e-07 1.77e+19
4.65e-07 1.7775e+19
4.7e-07 1.785e+19
4.75e-07 1.87e+19
4.8e-07 1.955e+19
4.85e-07 1.9775e+19
4.9e-07 2e+19
4.95e-07 1.9725e+19
5e-07 1.945e+19
5.05e-07 1.965e+19
5.1e-07 1.985e+19
5.15e-07 1.99e+19
5.2e-07 1.995e+19
5.25e-07 2.0275e+19
5.3e-07 2.06e+19
5.35e-07 2.0375e+19
5.4e-07 2.015e+19
5.45e-07 2.0725e+19
5.5e-07 2.13e+19
5.55e-07 2.105e+19
5.6e-07 2.08e+19
5.65e-07 2.1025e+19
5.7e-07 2.125e+19
5.75e-07 2.16e+19
5.8e-07 2.195e+19
5.85e-07 2.115e+19
5.9e-07 2.035e+19
5.95e-07 2.1325e+19
6e-07 2.23e+19
6.05e-07 2.2425e+19
6.1e-07 2.255e+19
6.15e-07 2.2775e+19
6.2e-07 2.3e+19
6.25e-07 2.255e+19
6.3e-07 2.21e+19
6.35e-07 2.26e+19
6.4e-07 2.31e+19
6.45e-07 2.2675e+19
6.5e-07 2.225e+19
6.55e-07 2.275e+19
6.6e-07 2.325e+19
6.65e-07 2.36e+19
6.7e-07 2.395e+19
6.75e-07 2.3925e+19
6.8e-07 2.39e+19
6.85e-07 2.2225e+19
6.9e-07 2.055e+19
6.95e-07 2.1575e+19
7e-07 2.26e+19
7.05e-07 2.3075e+19
7.1e-07 2.355e+19
7.15e-07 2.07e+19
7.2e-07 1.785e+19
7.25e-07 1.93e+19
7.3e-07 2.075e+19
7.35e-07 2.1725e+19
7.4e-07 2.27e+19
7.45e-07 2.3e+19
7.5e-07 2.33e+19
7.55e-07 1.42e+19
7.6e-07 5.1e+18
7.65e-07 1.38e+19
7.7e-07 2.25e+19
7.75e-07 2.2675e+19
7.8e-07 2.285e+19
7.85e-07 2.2275e+19
7.9e-07 2.17e+19
7.95e-07 2.165e+19
8e-07 2.16e+19
8.05e-07 2.1575e+19
8.1e-07 2.155e+19
8.15e-07 1.9675e+19
8.2e-07 1.78e+19
8.25e-07 1.8475e+19
8.3e-07 1.915e+19
8.35e-07 2.0325e+19
8.4e-07 2.15e+19
8.45e-07 2.03e+19
8.5e-07 1.91e+19
8.55e-07 2.025e+19
8.6e-07 2.14e+19
8.65e-07 2.13e+19
8.7e-07 2.12e+19
8.75e-07 2.1e+19
8.8e-07 2.08e+19
8.85e-07 2.075e+19
8.9e-07 2.07e+19
8.95e-07 1.875e+19
9e-07 1.68e+19
9.05e-07 1.555e+19
9.1e-07 1.43e+19
9.15e-07 1.5775e+19
9.2e-07 1.725e+19
9.25e-07 1.3675e+19
9.3e-07 1.01e+19
9.35e-07 1.0625e+19
9.4e-07 1.115e+19
9.45e-07 7.335e+18
9.5e-07 3.52e+18
9.55e-07 6.835e+18
9.6e-07 1.015e+19
9.65e-07 1.2825e+19
9.7e-07 1.55e+19
9.75e-07 1.52e+19
9.8e-07 1.49e+19
9.85e-07 1.6575e+19
9.9e-07 1.825e+19
9.95e-07 1.8375e+19
1e-06 1.85e+19
1.005e-06 1.84e+19
1.01e-06 1.83e+19
1.015e-06 1.8125e+19
1.02e-06 1.795e+19
1.025e-06 1.7925e+19
1.03e-06 1.79e+19
1.035e-06 1.775e+19
1.04e-06 1.76e+19
1.045e-06 1.745e+19
1.05e-06 1.73e+19
1.055e-06 1.7125e+19
1.06e-06 1.695e+19
1.065e-06 1.6625e+19
1.07e-06 1.63e+19
1.075e-06 1.6275e+19
1.08e-06 1.625e+19
1.085e-06 1.575e+19
1.09e-06 1.525e+19
1.095e-06 1.435e+19
1.1e-06 1.345e+19
1.105e-06 1.3425e+19
1.11e-06 1.34e+19
1.115e-06 8.7e+18
1.12e-06 4e+18
1.125e-06 3.0025e+18
1.13e-06 2.005e+18
1.135e-06 4.6775e+18
1.14e-06 7.35e+18
1.145e-06 5.435e+18
1.15e-06 3.52e+18
1.155e-06 5.935e+18
1.16e-06 8.35e+18
1.165e-06 1.0925e+19
1.17e-06 1.35e+19
1.175e-06 1.33e+19
1.18e-06 1.31e+19
1.185e-06 1.3475e+19
1.19e-06 1.385e+19
1.195e-06 1.37e+19
1.2e-06 1.355e+19
1.205e-06 1.3675e+19
1.21e-06 1.38e+19
1.215e-06 1.3925e+19
1.22e-06 1.405e+19
1.225e-06 1.415e+19
1.23e-06 1.425e+19
1.235e-06 1.4325e+19
1.24e-06 1.44e+19
1.245e-06 1.44e+19
1.25e-06 1.44e+19
1.255e-06 1.4025e+19
1.26e-06 1.365e+19
1.265e-06 1.3025e+19
1.27e-06 1.24e+19
1.275e-06 1.3e+19
1.28e-06 1.36e+19
1.285e-06 1.35e+19
1.29e-06 1.34e+19
1.295e-06 1.2475e+19
1.3e-06 1.155e+19
1.305e-06 1.075e+19
1.31e-06 9.95e+18
1.315e-06 9.275e+18
1.32e-06 8.6e+18
1.325e-06 8.125e+18
1.33e-06 7.65e+18
1.335e-06 6.675e+18
1.34e-06 5.7e+18
1.345e-06 3.1225e+18
1.35e-06 5.45e+17
1.355e-06 2.7253675e+17
1.36e-06 7.35e+13
1.365e-06 4.1775e+13
1.37e-06 1.005e+13
1.375e-06 1.422525e+15
1.38e-06 2.835e+15
1.385e-06 1.00425e+16
1.39e-06 1.725e+16
1.395e-06 8.62505725e+15
1.4e-06 1.145e+11
1.405e-06 8.27505725e+15
1.41e-06 1.655e+16
1.415e-06 1.56025e+17
1.42e-06 2.955e+17
1.425e-06 1.25525e+18
1.43e-06 2.215e+18
1.435e-06 1.825e+18
1.44e-06 1.435e+18
1.445e-06 1.2175e+18
1.45e-06 1e+18
1.455e-06 2.07e+18
1.46e-06 3.14e+18
1.465e-06 2.49e+18
1.47e-06 1.84e+18
1.475e-06 2.05e+18
1.48e-06 2.26e+18
1.485e-06 4.405e+18
1.49e-06 6.55e+18
1.495e-06 8e+18
1.5e-06 9.45e+18
