#  Printing Current voltage data (input statement at line 80)
#  Simulation date:
#    Mon Jul 10 14:26:30 2023
# Current voltage data
# Bias voltage [V] 	Current density [A/m^2] 
# Current 	 density
0.000000e+000	-1.938974e+002
1.430000e-002	-1.938491e+002
2.860000e-002	-1.938001e+002
4.290000e-002	-1.937503e+002
5.720000e-002	-1.936997e+002
7.150000e-002	-1.936483e+002
8.580000e-002	-1.935962e+002
1.001000e-001	-1.935431e+002
1.144000e-001	-1.934893e+002
1.287000e-001	-1.934345e+002
1.430000e-001	-1.933788e+002
1.573000e-001	-1.933223e+002
1.716000e-001	-1.932647e+002
1.859000e-001	-1.932063e+002
2.002000e-001	-1.931468e+002
2.145000e-001	-1.930863e+002
2.288000e-001	-1.930247e+002
2.431000e-001	-1.929621e+002
2.574000e-001	-1.928984e+002
2.717000e-001	-1.928335e+002
2.860000e-001	-1.927675e+002
3.003000e-001	-1.927002e+002
3.146000e-001	-1.926318e+002
3.289000e-001	-1.925620e+002
3.432000e-001	-1.924910e+002
3.575000e-001	-1.924186e+002
3.718000e-001	-1.923448e+002
3.861000e-001	-1.922695e+002
4.004000e-001	-1.921928e+002
4.147000e-001	-1.921146e+002
4.290000e-001	-1.920347e+002
4.433000e-001	-1.919532e+002
4.576000e-001	-1.918700e+002
4.719000e-001	-1.917849e+002
4.862000e-001	-1.916981e+002
5.005000e-001	-1.916093e+002
5.148000e-001	-1.915184e+002
5.291000e-001	-1.914254e+002
5.434000e-001	-1.913301e+002
5.577000e-001	-1.912325e+002
5.720000e-001	-1.911322e+002
5.863000e-001	-1.910292e+002
6.006000e-001	-1.909231e+002
6.149000e-001	-1.908137e+002
6.292000e-001	-1.907006e+002
6.435000e-001	-1.905833e+002
6.578000e-001	-1.904612e+002
6.721000e-001	-1.903336e+002
6.864000e-001	-1.901995e+002
7.007000e-001	-1.900576e+002
7.150000e-001	-1.899064e+002
7.293000e-001	-1.897437e+002
7.436000e-001	-1.895667e+002
7.579000e-001	-1.893716e+002
7.722000e-001	-1.891534e+002
7.865000e-001	-1.889051e+002
8.008000e-001	-1.886170e+002
8.151000e-001	-1.882757e+002
8.294000e-001	-1.878624e+002
8.437000e-001	-1.873500e+002
8.580000e-001	-1.866995e+002
8.723000e-001	-1.858541e+002
8.866000e-001	-1.847299e+002
9.009000e-001	-1.832020e+002
9.152000e-001	-1.810826e+002
9.295000e-001	-1.780872e+002
9.438000e-001	-1.737819e+002
9.581000e-001	-1.675012e+002
9.724000e-001	-1.582230e+002
9.867000e-001	-1.443770e+002
1.001000e+000	-1.235643e+002
1.015300e+000	-9.215942e+001
1.029600e+000	-4.479456e+001
1.043900e+000	2.621912e+001
1.058200e+000	1.313433e+002
1.072500e+000	2.838106e+002
1.086800e+000	4.985128e+002
1.101100e+000	7.901010e+002
1.115400e+000	1.170373e+003
1.129700e+000	1.647344e+003
1.144000e+000	2.223387e+003
1.158300e+000	2.897722e+003
1.172600e+000	5.511527e+003
1.186900e+000	4.086148e+003
1.201200e+000	3.341516e+005
1.215500e+000	3.341542e+005
1.229800e+000	3.341563e+005
1.244100e+000	3.341585e+005
1.258400e+000	3.341606e+005
1.272700e+000	3.341627e+005
1.287000e+000	3.341648e+005
1.301300e+000	3.341669e+005
1.315600e+000	3.341690e+005
1.329900e+000	3.341711e+005
1.344200e+000	3.341732e+005
1.358500e+000	3.341754e+005
1.372800e+000	3.341775e+005
1.387100e+000	3.341797e+005
1.401400e+000	3.341819e+005
1.415700e+000	3.341841e+005
1.430000e+000	3.341864e+005

